000021
000022
000025
000027
000029
000030
000036
000038
000047
000048
000052
000054
000055
000063
000066
000067
000069
000072
000074
000082
000083
000084
000085
000090
000096
000097
000100
000101
000105
000106
000107
000114
000116
000117
000119
000123
000129
000134
000135
000137
000148
000151
000153
000162
000164
000169
000170
000174
000177
000180
000190
000191
000194
000196
000201
000203
000208
000209
000217
000223
000237
000239
000242
000243
000244
000251
000252
000253
000254
000256
000258
000261
000262
000263
000268
000270
000272
000280
000287
000290
000293
000296
000298
000299
000302
000306
000312
000318
000321
000322
000326
000333
000334
000337
000338
000340
000341
000345
000346
000347
000349
000353
000360
000364
000366
000369
000371
000377
000378
000385
000394
000402
000403
000406
000416
000420
000449
000453
000461
000465
000468
000472
000473
000474
000476
000477
000480
000484
000486
000488
000494
000495
000499
000501
000507
000508
000509
000510
000512
000513
000514
000533
000537
000538
000541
000543
000546
000547
000552
000556
000557
000564
000565
000566
000568
000569
000573
000575
000576
000580
000584
000591
000592
000594
000600
000604
000605
000612
000616
000622
000623
000624
000629
000631
000634
000635
000641
000647
000651
000652
000658
000659
000661
000668
000674
000676
000678
000681
000684
000696
000701
000705
000706
000709
000712
000714
000719
000721
000735
000740
000746
000747
000748
000760
000762
000763
000776
000777
000786
000795
000800
000805
000808
000814
000824
000838
000851
000855
000859
000861
000865
000871
000882
000883
000888
000903
000911
000914
000917
000922
000924
000929
000932
000933
000936
000953
000955
000963
000971
000979
000982
000985
000987
000992
000995
000999
001014
001018
001019
001049
001051
001068
001076
001077
001082
001102
001103
001105
001113
001120
001127
001192
001193
001207
001208
001215
001218
001219
001220
001223
001224
001233
001240
001241
001242
001245
001248
001255
001269
001278
001283
001286
001291
001292
001297
001300
001309
001311
001314
001320
001321
001322
001329
001330
001334
001343
001344
001345
001358
001362
001369
001374
001379
001387
001388
001389
001392
001403
001406
001408
001410
001411
001417
001424
001435
001437
001440
001444
001449
001454
001455
001460
001462
001463
001466
001472
001478
001480
001481
001490
001492
001493
001496
001498
001501
001507
001509
001525
001536
001552
001560
001575
001583
001599
001608
001621
001625
001629
001632
001636
001642
001660
001662
001679
001683
001698
001702
001711
001717
001723
001732
001737
001739
001745
001746
001751
001752
001761
001763
001769
001770
001773
001777
001784
001785
001787
001797
001798
001801
001802
001803
001809
001813
001816
001818
001820
001821
001825
001826
001831
001840
001843
001847
001848
001853
001854
001855
001856
001861
001866
001879
001880
001889
001894
001896
001906
001908
001916
001917
001918
001922
001925
001930
001933
001937
001944
001946
001956
001974
001977
001978
001986
001994
002000
002001
002002
002009
002018
002026
002041
002056
002057
002059
002061
002065
002084
002089
002090
002094
002116
002121
002123
002127
002131
002133
002140
002142
002143
002145
002147
002149
002155
002156
002158
002160
002161
002162
002166
002169
002172
002173
002182
002184
002189
002193
002194
002196
002197
002198
002200
002208
002213
002216
002217
002218
002220
002222
002223
002225
002232
002236
002238
002240
002241
002242
002245
002246
002249
002252
002253
002254
002256
002257
002258
002263
002264
002282
002287
002291
002295
002296
002302
002303
002305
002306
002307
002313
002314
002315
002317
002318
002320
002322
002324
002325
002332
002336
002337
002342
002344
002345
002347
002357
002360
002366
002368
002372
002373
002375
002390
002392
002402
002404
002406
002408
002410
002415
002425
002428
002430
002439
002440
002450
002451
002452
002463
002469
002479
002487
002488
002496
002497
002499
002500
002501
002505
002507
002510
002511
002516
002517
002518
002519
002520
002528
002529
002532
002535
002538
002540
002541
002543
002558
002562
002563
002564
002566
002574
002580
002586
002588
002589
002598
002611
002616
002625
002627
002634
002637
002651
002653
002657
002662
002667
002679
002703
002716
002746
002747
002753
002754
002755
002758
002772
002773
002782
002787
002803
002803A
002805
002807
002812
002822
002823
002825
002826
002829
002832
002833
002838
002840
002842
002843
002844
002845
002846
002847
002848
002849
002850
002851
002852
002859
002860
002863
002867
002872
002873
002876
002878
002883
002884
002885
002886
002887
002889
002892
002893
002895
002897
002901
002903
002907
002910
002911
002912
002918
002920
002922
002924
002928
002933
002934
002940
002942
002947
002950
002951
002955
002958
002959
002962
002965
002967
002972
002973
002978
002980
002985
002989
002990
003001
003006
003008
003012
003014
003018
003020
003021
003022
003023
003028
003029
003036
003041
003044
003060
003063
003066
003069
003071
003075
003079
003081
003083
003085
003086
003091
003099
003100
003105
003106
003112
003118
003119
003120
003122
003126
003127
003130
003131
003134
003135
003137
003139
003140
003141
003143
003145
003146
003147
003148
003149
003150
003151
003153
003164
003165
003166
003167
003170
003175
003176
003177
003187
003192
003195
003196
003197
003198
003200
003203
003204
003206
003208
003212
003214
003216
003217
003219
003227
003232
003242
003247
003252
003257
003274
003276
003283
003287
003289
003292
003299
003307
003308
003313
003317
003322
003334
003335
003337
003338
003342
003345
003357
003387
003389
003393
003412
003414
003423
003426
003449
003514
003560
003585
003598
003610
003677
003687
003690
003704
003724
003763
003764
003768
003769
003785
003797
003799
003805
003815
003866
003867
003869
003908
003918
003920
003931
003936
003937
003975
003976
003977
003979
003982
003983
004005
004011
004018
004025
004026
004027
004028
004029
004180
004181
004349
004367
004371
004379
004382
004387
004408
004414
004415
004421
004425
004443
004458
004462
004467
004484
004491
004508
004521
004540
004542
004549
004566
004578
004606
004607
004695
004703
004813
004821
004826
004830
004835
004844
004850
004858
004864
004865
004876
004881
004882
004887
004888
004894
004895
004897
004906
004910
004916
004917
004919
004932
004939
004941
004958
004966
004977
004988
004998
005016
005045
005047
005050
005074
005142
005154
005163
005175
005176
005177
005189
005210
005211
005217
005233
005313
005314
005321
005338
005356
005368
005446
005462
005472
005502
005517
005664
005691
005702
005723
005742
005743
005788
005795
005846
005851
005856
005929
005951
005952
005954
005955
005957
005959
005976
006011
006060
006091
006112
006126
006128
006151
006155
006156
006159
006194
006205
006250
006337
006338
006344
006423
006424
006473
006477
006479
006480
006504
006506
006510
006523
006530
006531
006542
006545
006546
006566
006569
006584
006585
006606
006620
006636
006639
006675
006696
006728
006730
006734
006769
006770
006780
006781
006785
006789
006802
006885
006972
006974
006990
006998
007048
007049
007051
007052
007057
007083
007091
007095
007096
007097
007098
007100
007101
007102
007103
007104
007105
007161
007185
007187
007195
007199
007200
007201
007204
007209
007256
007271
007533
007541
007542
007559
007582
007968
007990
008088
008090
008103
008139
008215
008278
008279
008291
008301
008314
008564
008565
008622
008623
008838
008884
009037
009046
009052
009107
009144
009146
009242
009246
009247
009248
009249
009262
009602
009605
009627
009631
009634
009684
009692
009699
009702
009712
009727
009734
009736
009763
009787
009846
009889
009939
010004
010015
010076
010092
010153
010160
010189
010212
010299
010328
010358
010366
010390
010399
010416
010419
010430
010431
010470
010492
010506
010542
010557
010558
010754
010767
010783
010803
010820
010880
010916
010953
010956
010966
010978
010981
010985
011048
011079
011086
011100
011106
011112
011119
011124
011156
011161
011182
011185
011204
011223
011228
011238
011244
011247
011248
011262
011263
011280
011307
011321
011376
011401
011504
011557
011606
011619
011621
011623
011624
011672
011718
011765
011766
011795
011804
011825
011830
011840
011841
011855
011859
011925
011943
011977
012025
012041
012045
012121
012124
012134
012161
012252
012274
012288
012298
012300
012323
012339
012345
012356
012375
012394
012402
012406
012407
012414
012415
012421
012440
012491
012501
012513
012526
012537
012557
012630
012649
012658
012661
012682
012693
012700
012730
012731
012732
012791
012823
012827
012836
012837
012863
012866
012890
012894
012898
012908
012909
012910
012913
012929
012944
012953
012959
012974
012976
012984
012994
013022
013024
013037
013055
013058
013067
013115
013118
013158
013212
013225
013233
013234
013307
013388
013391
013396
013426
013436
013487
013489
013490
013501
013503
013517
013526
013532
013536
013541
013544
013550
013573
013590
013634
013652
013687
013710
013767
013779
013780
013813
013816
013817
013841
013865
013893
013913
013920
013957
013987
013992
013996
014003
014045
014063
014110
014139
014142
014163
014166
014190
014220
014226
014285
014310
014320
014341
014351
014374
014376
014390
014391
014392
014406
014407
014418
014433
014452
014469
014477
014547
014577
014582
014588
014594
014609
014625
014637
014657
014666
014679
014716
014766
014787
014803
014816
014819
014822
014906
014931
014933
014978
014980
015004
015017
015026
015032
015040
015041
015048
015054
015091
015095
015096
015115
015120
015122
015125
015132
015133
015135
015145
015147
015156
015168
015172
015220
015223
015225
015249
015250
015252
015254
015271
015272
015274
015286
015291
015319
015321
015322
015327
015335
015350
015353
015386
015406
015416
015429
015431
015488
015491
015493
015500
015510
015514
015551
015556
015557
015558
015565
015567
015569
015586
015601
015618
015619
015620
015629
015646
015647
015665
015697
015743
015744
015745
015746
015762
015770
015771
015772
015803
015839
015842
015859
015862
015891
015915
015926
015938
015941
015959
015960
015964
015967
015980
015982
015989
015996
016006
016012
016015
016019
016027
016032
016034
016052
016067
016078
016101
016146
016178
016187
016210
016242
016255
016310
016316
016366
016376
016479
016517
016526
016583
016609
016617
016627
016630
016632
016640
016642
016643
016644
016649
016666
016667
016677
016679
016680
016682
016686
016706
016708
016724
016747
016756
016841
016911
016917
016957
016964
016971
016973
016985
017008
017056
017065
017090
017092
017094
017107
017115
017116
017117
017118
017119
017121
017122
017123
017138
017153
017172
017261
017284
017288
017317
017328
017337
017367
017373
017380
017384
017385
017390
017391
017433
017445
017461
017489
017505
017533
017534
017535
017547
017605
017606
017609
017612
017613
017614
017616
017617
017618
017651
017676
017682
017695
017717
017754
017788
017789
017804
017840
017841
017849
017850
017851
017854
017857
017861
017863
017871
017875
017887
017896
020001
020127
020128
020129
020130
020204
020228
020238
020249
020256
020257
090280
100005
100041
100139
100170
100172
100187
100245
100250
100339
100345
100367
100377
102003
1040004
120059
120064
120065
120105
120117
120143
120171
120176
120179
120181
120191
120213
120231
120234
120243
120251
120252
120292
120295
120296
120312
120354
120388
120391
130033
130042
130052
130062
130097
130158
140087
140112
140286
140290
140291
140292
140293
140321
140322
140323
140350
140351
140356
140357
140358
140383
140384
140421
140469
140527
140528
140531
140534
140535
140557
140604
140853
140927
140933
140940
140951
141010
141047
141054
141055
141057
141320
141328
141396
141398
141433
141434
141435
141438
141439
141475
141476
141529
141634
141642
141805
141950
141951
141976
141992
141994
142004
142012
142013
142262
142277
142322
142332
142385
142386
142387
142390
142391
142400
142405
142408
142442
142443
142456
142513
142528
142553
142565
142582
142583
142585
142586
142655
142682
142693
142695
142739
142759
142773
142775
142784
142789
142793
142806
142864
142865
142876
142877
142926
142927
142928
142933
142998
143002
143004
143022
143072
143076
143077
143084
143090
143124
143130
143135
143141
143142
143146
143159
143167
143171
143172
143174
143175
143177
143183
143184
143188
143189
143197
143198
143201
143204
143206
143207
143208
143210
143211
143212
143213
143222
143224
143226
143227
143228
143229
143231
143232
143234
143236
143237
143238
143239
143261
143276
143278
143281
143286
143289
143292
143294
143316
143323
143324
143336
143338
143346
143351
143364
143366
143371
143372
143376
143379
143380
143381
143382
143383
143391
143418
143440
143444
143445
143478
143481
143509
143517
143520
143524
143525
143526
143527
143528
143530
143533
143534
143535
143537
143540
143541
143542
143548
143549
143558
143559
143560
143573
143595
143596
143603
143606
143607
143609
143610
143615
143622
143629
143630
143632
143635
143638
143639
143640
143641
143643
143644
143661
143662
143663
143664
143666
143668
143669
143678
143679
143690
143691
143698
143700
143701
143714
143727
143729
143739
143740
143746
143747
143748
143753
143762
143776
143777
143778
143779
143780
143781
143782
143783
143785
143786
143789
150954
150978
150979
150980
150981
150982
150986
200003
200006
2000100
2000106
2000109
2000172
2000175
2000178
2000179
2000181
2000214
2000215
2000270
2000301
2000305
2000310
2000339
2000388
2000392
2000396
2000398
200041
2000417
2000435
2000446
2000451
2000467
2000471
2000478
2000479
2000486
2000487
2000488
200050
2000510
2000513
2000532
2000541
2000567
2000573
2000582
2000596
2000609
2000612
2000626
2000639
200064
2000658
2000669
200070
2000710
2000712
2000715
2000746
2000747
2000749
200077
2000780
2000783
2000830
2000831
2000851
2000860
2000861
2000863
2000868
2000871
2000873
2000875
2000876
2000882
200093
2000949
200099
2001024
2001058
2001063
2001064
2001065
2001081
2001103
2001120
2001123
2001129
2001164
2001176
2001193
2001195
2001196
2001199
2001204
2001212
2001215
2001218
2001237
200125
2001250
2001254
2001255
2001261
2001262
2001263
2001264
2001265
2001269
2001273
2001290
2001291
2001292
2001293
2001294
2001295
2001296
2001297
2001298
2001300
2001308
2001310
2001317
2001318
2001319
2001320
2001321
2001322
2001323
2001329
2001330
2001337
2001338
2001342
2001345
2001355
2001356
2001357
2001362
2001365
2001376
2001377
2001380
2001382
2001384
2001385
2001388
2001390
2001409
2001410
2001411
2001412
2001413
2001420
2001431
2001432
2001434
2001436
2001440
2001455
2001456
200146
2001464
2001466
2001467
2001469
2001472
2001473
2001474
2001477
2001478
2001487
2001490
2001495
2001496
2001500
2001501
2001502
2001505
2001506
2001508
2001510
2001513
2001532
2001533
2001538
2001539
2001541
2001551
2001554
2001555
2001556
2001560
2001562
2001590
2001598
200160
2001606
2001607
2001608
2001616
2001682
2001683
2001684
2001688
2001698
2001724
2001725
2001763
2001764
2001765
2001766
2001767
2001772
2001776
2001894
2001898
2001902
2001903
2001912
2001914
2001920
2001932
2001937
2001942
2001944
2001949
2001969
2001984
2001996
2001996A
2002004
2002005
2002009
2002023
2002025
2002040
2002101
2002121
2002193
2002197
2002209
2002219
2002232
2002244
2002256
2002265
2002266
2002267
2002270
2002273
2002274
2002275
2002277
2002280
2002286
2002295
2002296
2002300
2002344
2002348
2002362
2002377
2002389
2002390
2002391
2002393
2002395
2002431
2002432
2002433
2002439
2002440
2002441
2002443
2002449
2002450
2002460
2002461
2002463
2002464
2002466
2002467
2002468
2002472
2002474
2002475
2002477
2002478
2002479
2002480
2002481
2002482
2002484
2002485
2002486
2002488
2002489
2002490
2002491
2002492
2002493
2002494
2002499
2002502
2002503
2002505
2002506
2002509
2002510
2002515
2002518
2002519
2002520
2002525
2002527
2002529
2002532
2002533
2002535
2002539
2002552
2002571
2002572
2002574
2002577
2002608
2002613
2002615
2002621
2002624
2002627
2002628
2002629
2002633
2002638
2002639
2002645
2002646
2002656
2002678
2002682
2002691
2002701
2002707
2002715
2002716
2002718
2002719
2002739
2002748
2002755
2002780
2002782
2002833
2002834
2002835
2002836
2002839
2002841
2002842
2002843
2002844
2002846
2002847
2002848
2002854
2002855
2002856
2002859
2002860
2002862
2002869
2002875
2002876
2002877
2002879
2002880
2002898
2002900
2002901
2002903
2002905
2002906
2002907
2002908
2002909
2002911
2002912
2002913
2002914
2002915
2002920
2002922
2002924
2002925
2002927
2002928
2002929
2002931
2002933
2002934
2002935
2002937
2002939
2002941
2002942
2002945
2002951
2002954
2002957
2002958
2002959
2002960
2002961
2002962
2003008
2003014
2003015
2003016
2003067
2003079
2003083
2003086
2003095
2003098
2003100
2003107
2003143
2003146
2003148
2003190
2003194
2003197
2003198
2003211
2003212
2003227
2003233
2003260
2003261
2003263
2003265
2003268
2003279
2003285
2003295
2003305
2003311
2003314
2003346
2003349
2003352
2003357
2003358
2003360
2003365
2003368
2003370
2003372
2003373
2003374
2003375
2003378
2003386
2003392
2003393
2003399
2003458
2003474
2003477
2003481
2003493
2003522
2003528
2003531
2003537
2003540
2003541
2003542
2003543
2003559
2003560
2003563
2003568
2003569
2003570
2003571
2003591
2003597
2003600
2003604
2003610
2003622
2003626
2003628
2003630
2003646
2003654
2003658
2003662
2003668
2003671
2003672
2003673
2003678
2003682
2003691
2003692
2003693
2003701
2003712
2003714
2003716
2003727
2003728
2003729
2003731
2003743
2003745
2003746
2003747
2003752
2003753
2003754
2003769
2003770
2003772
2003774
2003777
2003778
2003780
2003783
2003791
2003792
2003808
2003880
2003888
2003897
2003913
2003915
2003916
2003917
2003918
2003943
2003967
2003977
2004006
2004007
2004015
2004018
2004032
2004033
2004034
2004035
2004037
2004038
2004039
2004040
2004043
2004044
2004047
2004060
2004063
2004064
2004066
2004069
2004085
2004087
2004090
2004091
2004097
2004100
2004101
2004102
2004103
2004126
2004143
2004145
2004149
2004172
2004175
2004181
2004192
2004215
2004216
2004217
2004220
2004221
2004222
2004247
2004251
2004252
2004257
2004258
2004259
2004260
2004261
2004266
2004267
2004268
2004272
2004273
2004275
2004295
2004296
2004299
2004308
2004309
2004310
2004319
2004321
2004328
2004330
2004331
2004337
2004342
2004343
2004345
2004346
2004355
2004356
2004357
2004367
2004368
2004370
2004401
2004406
2004407
2004408
2004409
2004410
2004412
2004419
2004438
2004452
2004453
2004455
2004456
2004457
2004462
2004463
2004464
2004465
2004467
2004470
2004471
2004472
2004473
2004479
2004484
2004486
2004489
2004491
2004492
2004495
2004499
2004503
2004504
2004505
2004508
2004509
2004513
2004519
2004522
2004529
2004533
2004548
2004552
2004554
2004558
2004563
2004566
2004570
2004572
2004573
2004609
2004655
2004656
2004659
2004660
2004661
2004665
2004670
2004672
2004674
2004676
2004682
2004684
2004688
2004697
2004698
2004699
2004700
2004702
2004706
2004708
2004711
2004712
2004714
2004718
2004721
2004728
2004735
2004759
2004777
2004779
2004780
2004784
2004790
2004791
2004793
2004839
2004840
2004842
2004850
2004856
2004858
2004865
2004869
2004878
2004879
2004884
2004886
2004891
2004895
2004898
2004899
2004902
2004939
2004945
2004946
2004965
2004969
2004983
2004984
2004987
2004991
2004992
2004995
2004998
2005000
2005014
2005016
2005017
2005018
2005019
2005032
2005035
2005036
2005042
2005045
2005048
2005049
2005080
2005088
2005101
2005118
2005119
2005120
2005130
2005131
2005133
2005134
2005136
2005139
2005148
2005150
2005154
2005156
2005157
2005159
2005165
2005166
2005175
2005177
2005181
2005185
2005197
2005201
2005203
2005210
2005211
2005212
2005213
2005214
2005215
2005220
2005289
2005296
2005312
2005319
2005320
2005328
2005329
2005330
2005331
2005332
2005359
2005387
2005390
2005394
2005395
2005404
2005406
2005409
2005410
2005416
2005418
2005427
2005432
2005446A
2005448A
2005449
2005449A
2005454
2005460
2005463
2005464
2005471
2005472
2005483
2005484
2005494
2005496
2005497
2005548
2005550
2005571
2005577
2005591
2005592
2005594
2005599
2005603
2005614
2005618
2005641
2005642
2005653
2005674
2005680
2005680A
2005736
2005740
2005741
2005776
2005777
2005778
2005847
2005848
2005852
2005858
2005875
2005878
2005892
2005905
2005911
2005927
2005942
2005952
2005955
2005959
2006021
2006022
2006025
2006058
2006062
2006065
2006066
2006067
2006073
2006074
2006076
2006079
2006081
2006085
2006086
2006090
2006091
2006092
2006096
2006100
2006109
2006123
2006143
2006162
2006190
2006208
2006210
2006212
2006218
2006219
2006220
2006223
2006252
2006262
2006265
2006270
2006271
2006272
2006274
2006275
2006280
2006282
2006283
2006284
2006285
2006288
2006309
2006319
2006365
2006375
2006377
2006378
2006381
2006382
2006387
2006396
2006405
2006412
2006415
2006418
2006419
2006450
2006451
2006456
2006459
2006462
2006463
2006464
2006465
2006466
2006467
2006469
2006470
2006472
2006475
2006481
2006482
2006501
2006504
2006511
2006512
2006513
2006515
2006516
2006517
2006518
2006530
2006542
2006565
2006575
2006580
2006581
2006584
2006585
2006611
2006612
2006613
2006614
2006615
2006621
2006625
2006631
2006654
2006655
2006657
2006669
2006670
2006677
2006678
2006679
2006692
2006724
2006727
2006728
2006734
2006741
2006744
2006774
2006812
2006814
2006832
2006834
2006836
2006871
2006885
2006887
2006896
2006933
2006936
2006941
2006944
2006952
2006958
2006968
2006987
2007002
2007003
2007004
2007006
2007022
2007030
2007032
2007037
2007046
2007049
2007052
2007066
2007067
2007069
2007073
2007080
2007081
2007085
2007087
2007089
2007090
2007094
2007101
2007113
2007114
2007115
2007118
2007119
2007167
2007168
2007200
2007201
2007204
2007208
2007211
2007213
2007219
2007226
2007234
2007237
2007238
2007239
2007240
2007242
2007246
2007248
2007251
2007252
2007259
2007265
2007267
2007268
2007310
2007312
2007313
2007318
2007331
2007332
2007340
2007346
2007357
2007374
2007398
2007399
2007408
2007455
2007457
2007467
2007471
2007481
2007488
2007489
2007491
2007492
2007496
2007497
2007499
2007502
2007519
2007520
2007525
2007526
2007528
2007535
2007541
2007558
2007561
2007582
2007584
2007632
2007643
2007644
2007645
2007646
2007647
2007654
2007655
2007656
2007671
2007680
2007682
2007683
2007684
2007685
2007686
2007688
2007690
2007711
2007722
2007746
2007747
2007749
2007754
2007765
2007767
2007802
2007803
2007804
2007808
2007810
2007829
2007831
2007835
2007837
2007842
2007845
2007852
2007867
2007869
2007919
2007925
2007933
2007964
2007976
2008003
2008010
2008020
2008021
2008025
2008030
2008031
2008032
2008033
2008041
2008047
2008056
2008059
2008077
2008090
2008091
2008106
2008113
2008117
2008119
2008121
2008128
2008129
2008139
2008140
2008153
2008155
2008157
2008159
2008163
2008164
2008165
2008169
2008170
2008171
2008180
2008181
2008182
2008183
2008184
2008207
2008209
2008210
2008214
2008218
2008220
2008223
2008226
2008233
2008234
2008238
2008239
2008242
2008245
2008248
2008250
2008253
2008260
2008270
2008271
2008275
2008276
2008277
2008278
2008281
2008294
2008301
2008304
2008305
2008312
2008314
2008316
2008320
2008323
2008324
2008325
2008327
2008350
2008364
2008368
2008383
2008388
2008389
2008392
2008394
2008395
2008401
2008402
2008403
2008408
2008410
2008432
2008446
2008450
2008472
200849
2008535
2008536
2008539
2008544
2008546
2008547
2008548
2008550
2008574
2008575
2008576
2008579
2008584
2008595
2008606
2008609
2008628
2008629
2008630
2008634
2008637
2008652
2008664
2008665
2008677
2008682
2008685
2008691
2008697
2008703
2008716
2008717
2008718
2008726
2008727
2008729
2008737
2008742
2008744
2008752
2008753
2008754
2008756
2008763
2008764
2008765
2008799
2008800
2008801
2008802
2008821
2008832
2008843
2008847
2008850
2008862
2008865
2008875
2008889
2008890
2008900
2008901
2008910
2008917
2008918
2008932
2008933
2008938
2008953
2008954
2008966
2008975
2008976
2008980
2008993
2008996
2008997
2008998
2009007
2009009
2009013
2009015
2009017
2009018
2009025
2009026
2009029
2009034
2009055
2009069
2009081
2009083
2009092
2009095
2009096
2009099
2009100
2009106
2009107
2009120
2009121
2009124
2009137
2009139
2009143
2009144
2009145
2009146
2009149
2009163
2009164
2009167
2009173
2009177
2009182
2009185
2009186
2009193
2009195
2009202
2009210
2009220
2009225
2009226
2009236
2009250
2009256
2009262
2009263
2009273
2009282
2009298
2009301
2009332
2009345
2009359
2009362
2009364
2009366
2009367
2009368
2009374
2009382
2009384
2009390
2009394
2009395
2009399
2009400
2009401
2009404
2009413
2009414
2009424
2009426
2009430
2009444
2009445
2009447
2009448
2009464
2009474
2009478
2009505
2009506
2009508
2009511
2009519
2009523
2009526
2009527
2009530
2009531
2009547
2009552
2009553
2009555
2009558
2009565
2009574
2009584
2009605
2009608
2009609
2009612
2009615
2009624
2009638
2009640
2009646
2009648
2009653
2009659
2009662
2009668
2009685
2009686
2009694
2009705
2009707
2009710
2009719
2009724
2009725
2009732
2009734
2009738
2009741
2009769
2009770
2009793
2009798
2009799
2009800
2009812
2009819
2009820
2009827
2009830
2009831
2009833
2009837
2009838
2009839
2009840
2009842
2009843
2009852
2009854
2009856
2009857
2009867
2009868
2009872
2009876
2009878
2009879
2009882
2009885
2009886
2009900
2009902
2009904
2009912
2009913
2009915
2009916
2009917
2009918
2009924
2009937
2009938
2009939
2009940
2009944
2009945
2009953
2009962
2009963
2009964
2009965
2009968
2009979
2009980
2009982
2009983
2009984
2009988
2009990
2009994
2009997
2009998
2009999
2010006
2010011
2010012
2010013
2010045
2010054
2010055
2010059
2010064
2010065
2010075
2010085
2010093
2010097
2010098
2010129
2010143
2010152
2010155
2010165
2010169
2010170
2010186
2010187
2010190
2010199
2010200
2010201
2010203
2010205
2010217
2010219
2010226
2010254
2010276
2010278
2010288
2010291
2010293
2010296
2010297
2010298
2010299
2010300
2010304
2010309
2010311
2010312
2010319
2010322
2010337
2010344
2010363
2010375
2010377
2010378
2010384
2010388
2010389
2010390
2010400
2010402
2010405
2010410
2010412
2010413
2010419
2010420
2010422
2010475
2010476
2010478
2010498
2010499
2010511
2010512
2010540
2010542
2010546
2010549
2010550
2010551
2010636
2010645
2010650
2010651
2010659
2010666
2010679
2010682
2010684
2010685
2010691
2010700
2010708
2010712
2010715
2010717
2010718
2010726
2010733
2010756
2010781
2010785
2010790
2010792
2010797
2010807
2010809
2010813
2010814
2010817
2010823
2010824
2010825
2010829
2010836
2010837
2010838
2010842
2010844
2010846
2010860
2010864
2010867
2010869
2010871
2010875
2010877
2010878
2010883
2010884
2010888
2010889
2010890
2010892
2010894
2010895
2010896
2010898
2010899
2010902
2010905
2010907
2010909
2010946
2010955
2010960
2010964
2010966
2010969
2010970
2010971
2011009
2011011
2011019
2011034
2011035
2011036
2011041
2011044
2011046
2011049
2011050
2011051
2011052
2011055
2011057
2011058
2011059
2011060
2011061
2011066
2011068
2011069
2011071
2011087
2011089
2011096
2011103
2011104
2011110
2011115
2011120
2011126
2011127
2011136
2011137
2011142
2011145
2011146
2011147
2011149
2011151
2011156
2011160
2011163
2011168
2011169
2011191
2011192
2011195
2011197
2011198
2011199
2011200
2011205
2011207
2011216
2011224
2011246
2011247
2011249
2011259
2011260
2011261
2011263
2011270
2011275
2011278
2011279
2011303
2011308
2011316
2011317
2011320
2011323
2011335
2011338
2011343
2011346
2011347
2011350
2011356
2011357
2011358
2011373
2011376
2011378
2011380
2011381
2011417
2011428
2011438
2011440
2011441
2011444
2011451
2011452
2011456
2011458
2011462
2011470A
2011474
2011475
2011478
2011479
2011480
2011483
2011488
2011492
2011500
2011504
2011514
2011517
2011518
2011526
2011532
2011533
2011534
2011535
2011558
2011567
2011573
2011576
2011611
2011622
2011623
2011636
2011638
2011660
2011661
2011662
2011665
2011666
2011667
2011668
2011681
2011682
2011691
2011692
2011693
2011695
2011698
2011699
2011700
2011702
2011705
2011706
2011707
2011712
2011715
2011716
2011718
2011719
2011720
2011721
2011722
2011724
2011725
2011726
2011727
2011728
2011729
2011731
2011733
2011735
2011736
2011738
2011739
2011740
2011742
2011744
2011745
2011747
2011751
2011752
2011754
2011755
2011756
2011778
2011786
2011792
2011800
2011801
2011803
2011804
2011805
2011806
2011808
2011809
2011810
2011811
2011812
2011816
2011817
2011818
2011820
2011827
2011829
2011835
2011842
2011859
2011862
2011864
2011882
2011885
2011887
2011888
2011898
2011900
2011905
2011906
2011907
2011910
2011913
2011918
2011919
2011924
2011941
2011945
2011964
2011970
2011971
2011973
2011974
2011975
2011976
2011983
2012000
2012002
2012005
2012017
2012022
2012023
2012025
2012035
2012037
2012041
2012045
2012050
2012051
2012052
2012053
2012054
2012058
2012063
2012072
2012073
2012076
2012080
2012082
2012087
2012098
2012102
2012126
2012127
2012129
2012131
2012134
2012142
2012172
2012173
2012174
2012175
2012176
2012183
2012184
2012187
2012188
2012192
2012199
2012205
2012207
2012215
2012216
2012227
2012229
2012230
2012240
2012251
2012252
2012253
2012254
2012257
2012258
2012263
2012282
2012288
2012289
2012292
2012299
2012300
2012301
2012303
2012304
2012310
2012311
2012312
2012320
2012321
2012322
2012324
2012325
2012326
2012328
2012330
2012333
2012341
2012351
2012355
2012357
2012358
2012371
2012372
2012375
2012376
2012380
2012381
2012383
2012389
2012405
2012410
2012424
2012427
2012428
2012437
2012438
2012441
2012443
2012445
2012447
2012451
2012458
2012460
2012462
2012463
2012468
2012471
2012485
2012486
2012487
2012488
2012491
2012492
2012508
2012511
2012524
2012545
2012550
2012552
2012554
2012563
2012566
2012567
2012569
2012570
2012572
2012578
2012586
2012621
2012622
2012643
2012647
2012649
2012650
2012655
2012656
2012657
2012659
2012660
2012661
2012663
2012670
2012671
2012672
2012676
2012684
2012685
2012686
2012687
2012691
2012692
2012695
2012705
2012706
2012708
2012709
2012716
2012717
2012724
2012727
2012730
2012736
2012742
2012745
2012748
2012749
2012758
2012760
2012766
2012767
2012768
2012769
2012770
2012771
2012773
2012774
2012778
2012779
2012780
2012781
2012782
2012783
2012785
2012788
2012790
2012803
2012804
2012805
2012808
2012812
2012814
2012817
2012820
2012821
2012824
2012826
2012827
2012828
2012828A
2012829
2012830
2012832
2012834
2012841
2012844
2012845
2012846
2012847
2012849
2012850
2012851
2012852
2012854
2012855
2012865
2012872
2012873
2012877
2012880
2012882
2012889
2012892
2012893
2012896
2012899
2012901
2012902
2012904
2012910
2012941
2012944
2012947
2012948
2012953
2012956
2012957
2012972
2012977
2012978
2012982
2012983
2012984
2012985
2012987
2012990
2012991
2012992
2012994
2012996
2012998
2013002
2013006
2013007
2013009
2013012
2013013
2013035
2013037
2013038
2013041
2013042
2013045
2013064
2013066
2013067
2013072
2013074
2013075
2013077
2013078
2013079
2013080
2013081
2013082
2013088
2013090
2013091
2013093
2013103
2013104
2013108
2013122
2013126
2013128
2013135
2013155
2013157
2013164
2013165
2013166
2013175
2013176
2013179
2013180
2013182
2013183
2013184
2013185
2013188
2013189
2013194
2013195
2013199
2013205
2013206
2013209
2013210
2013211
2013213
2013219
2013220
2013222
2013223
2013224
2013225
2013226
2013227
2013232
2013248
2013249
2013250
2013251
2013252
2013261
2013263
2013264
2013267
2013299
2013310
2013312
2013314
2013315
2013316
2013320
2013321
2013325
2013327
2013329
2013332
2013342
2013348
2013351
2013353
2013376
2013378
2013379
2013381
2013382
2013385
2013386
2013390
2013392
2013393
2013394
2013395
2013399
2013403
2013405
2013406
2013407
2013408
2013409
2013412
2013413
2013415
2013421
2013425
2013427
2013437
2013438
2013441
2013444
2013445
2013446
2013447
2013448
2013449
2013453
2013455
2013457
2013462
2013463
2013469
2013473
2013484
2013486
2013489
2013490
2013491
2013492
2013493
2013494
2013495
2013498
2013499
2013502
2013503
2013505
2013506
2013507
2013508
2013509
2013531
2013533
2013534
2013538
2013539
2013540
2013542
2013543
2013544
2013545
2013546
2013547
2013548
2013551
2013552
2013554
2013555
2013556
2013557
2013565
2013568
2013575
2013580
2013584
2013585
2013587
2013590
2013593
2013594
2013596
2013597
2013598
2013601
2013602
2013616
2013618
2013624
2013625
2013631
2013635
2013637
2013638
2013641
2013644
2013645
2013646
2013647
2013648
2013652
2013653
2013654
2013655
2013656
2013657
2013658
2013667
2013668
2013669
2013675
2013679
2013687
2013688
2013689
2013693
2013703
2013704
2013705
2013706
2013711
2013712
2013713
2013715
2013717
2013721
2013722
2013723
2013724
2013726
2013727
2013730
2013731
2013732
2013733
2013737
2013740
2013741
2013744
2013746
2013751
2013752
2013753
2013754
2013755
2013756
2013759
2013765
2013767
2013769
2013771
2013772
2013773
2013774
2013775
2013778
2013780
2013781
2013782
2013784
2013785
2013786
2013789
2013792
2013795
2013801
2013802
2013808
2013809
2013811
2013812
2013815
2013816
2013817
2013818
2013819
2013820
2013821
2013822
2013823
2013824
2013825
2013826
2013827
2013828
2013836
2013837
2013842
2013845
2013849
2013852
2013853
2013854
2013856
2013857
2013858
2013859
2013870
2013881
2013885
2013887
2013890
2013894
2013900
2013901
2013904
2013905
2013916
2013918
2013919
2013920
2013924
2013934
2013935
2013936
2013941
2013943
2013944
2013946
2013947
2013949
2013950
2013951
2013953
2013954
2013957
2013958
2013962
2013964
2013965
2013966
2013973
2013977
2013978
2013981
2013984
2013988
2013991
2013994
2013998
2014000
2014002
2014003
2014012
2014014
2014015
2014016
2014022
2014023
2014027
2014028
2014029
2014030
2014031
2014032
2014036
2014039
2014042
2014047
2014048
2014053
2014058
2014060
2014063
2014064
2014065
2014066
2014067
2014068
2014070
2014074
2014075
2014076
2014078
2014081
2014083
2014091
2014093
2014094
2014096
2014098
2014099
2014109
2014111
2014112
2014113
2014117
2014118
2014120
2014127
2014131
2014132
2014133
2014135
2014136
2014137
2014142
2014145
2014146
2014148
2014152
2014154
2014156
2014157
2014158
2014159
2014160
2014161
2014162
2014163
2014164
2014165
2014166
2014168
2014169
2014171
2014172
2014173
2014174
2014175
2014176
2014180
2014181
2014183
2014184
2014191
2014192
2014193
2014194
2014196
2014198
2014199
2014200
2014205
2014206
2014207
2014208
2014213
2014217
2014218
2014220
2014221
2014223
2014224
2014225
2014226
2014232
2014233
2014237
2014245
2014248
2014249
2014250
2014259
2014260
2014265
2014266
2014267
2014268
2014269
2014272
2014273
2014274
2014279
2014280
2014281
2014284
2014285
2014286
2014287
2014288
2014289
2014291
2014292
2014293
2014294
2014295
2014296
2014297
2014298
2014300
2014301
2014302
2014303
2014304
2014305
2014306
2014307
2014308
2014309
2014310
2014311
2014312
2014313
2014314
2014315
2014317
2014318
2014319
2014320
2014321
2014323
2014324
2014325
2014327
2014328
2014329
2014331
2014332
2014333
2014334
2014335
2014337
2014339
2014344
2014351
2014352
2014353
2014355
2014356
2014358
2014360
2014361
2014362
2014363
2014364
2014366
2014369
2014370
2014374
2014376
2014377
2014378
2014379
2014382
2014383
2014384
2014385
2014387
2014388
2014389
2014391
2014392
2014393
2014397
2014400
2014401
2014403
2014404
2014406
2014407
2014408
2014409
2014410
2014411
2014412
2014413
2014414
2014415
2014416
2014417
2014418
2014419
2014420
2014421
2014422
2014423
2014424
2014426
2014427
2014428
2014429
2014431
2014437
2014438
2014439
2014442
2014443
2014445
2014446
2014447
2014448
2014450
2014451
2014452
2014453
2014454
2014455
2014456
2014458
2014466
2014467
2014468
2014470
2014473
2014474
2014475
2014476
2014477
2014478
2014479
2014480
2014481
2014483
2014485
2014486
2014487
2014488
2014489
2014490
2014492
2014493
2014495
2014496
2014497
2014498
2014499
2014502
2014503
2014504
2014505
2014506
2014507
2014508
2014509
2014510
2014511
2014512
2014513
2014514
2014515
2014516
2014517
2014520
2014521
2014524
2014525
2014526
2014527
2014528
2014529
2014531
2014533
2014535
2014538
2014539
2014544
2014547
2014548
2014549
2014550
2014551
2014552
2014556
2014557
2014558
2014559
2014560
2014561
2014562
2014565
2014566
2014569
2014571
2014572
2014573
2014574
2014575
2014578
2014579
2014583
2014586
2014587
2014588
2014592
2014593
2014594
2014595
2014596
2014597
2014598
2014599
2014600
2014601
2014602
2014603
2014606
2014607
2014617
2014621
2014624
2014625
2014626
2014632
2014638
2014639
2014640
2014641
2014645
2014648
2014651
2014652
2014656
2014658
2014665
2014669
2014674
2014677
2014678
2014679
2014682
2014685
2014689
2014690
2014692
2014694
2014695
2014698
2014699
2014705
2014715
2014716
2014718
2014719
2014720
2014721
2014722
2014724
2014728
2014729
2014730
2014732
2014736
2014737
2014741
2014744
2014745
2014746
2014747
2014749
2014751
2014752
2014755
2014761
2014762
2014763
2014765
2014766
2014768
2014773
2014774
2014775
2014776
2014777
2014779
2014780
2014781
2014782
2014783
2014784
2014811
2014812
2014813
2014814
2014815
2014816
2014817
2014819
2014820
2014823
2014824
2014825
2014828
2014832
2014834
2014835
2014836
2014837
2014841
2014842
2014843
2014844
2014845
2014846
2014847
2014848
2014849
2014850
2014851
2014853
2014854
2014855
2014856
2014857
2014859
2014861
2014862
2014863
2014864
2014865
2014866
2014875
2014876
2014878
2014885
2014886
2014887
2014888
2014889
2014890
2014891
2014892
2014893
2014894
2014895
2014896
2014901
2014911
2014912
2014914
2014915
2014916
2014917
2014918
2014920
2014922
2014924
2014925
2014926
2014929
2014931
2014932
2014933
2014934
2014935
2014936
2014939
2014940
2014942
2014944
2014947
2014948
2014949
2014960
2014961
2014962
2014967
2014970
2014972
2014973
2014974
2014975
2014976
2014977
2014978
2014980
2014982
2014985
2014986
2014987
2014988
2014989
2014991
2014993
2014994
2014996
2014998
2015003
2015007
2015011
2015014
2015019
2015023
2015031
2015032
2015033
2015034
2015035
2015036
2015042
2015043
2015044
2015045
2015046
2015047
2015048
2015049
2015052
2015053
2015060
2015061
2015062
2015063
2015068
2015070
2015074
2015075
2015076
2015077
2015079
2015082
2015083
2015084
2015086
2015088
2015089
2015090
2015092
2015093
2015094
2015095
2015096
2015101
2015102
2015106
2015107
2015108
2015112
2015114
2015115
2015116
2015121
2015125
2015126
2015128
2015129
2015133
2015134
2015135
2015136
2015137
2015138
2015139
2015140
2015142
2015143
2015144
2015145
2015146
2015147
2015148
2015149
2015150
2015151
2015152
2015155
2015156
2015157
2015159
2015160
2015162
2015163
2015164
2015165
2015166
2015167
2015168
2015170
2015171
2015172
2015174
2015175
2015178
2015181
2015182
2015183
2015184
2015186
2015188
2015189
2015190
2015192
2015193
2015194
2015197
2015198
2015200
2015202
2015205
2015206
2015207
2015210
2015213
2015217
2015218
2015219
2015220
2015222
2015224
2015225
2015230
2015232
2015234
2015235
2015236
2015237
2015238
2015242
2015244
2015245
2015246
2015247
2015249
2015250
2015254
2015255
2015257
2015262
2015263
2015264
2015265
2015266
2015267
2015268
2015269
2015270
2015271
2015272
2015273
2015274
2015278
2015279
2015280
2015281
2015282
2015283
2015284
2015285
2015286
2015287
2015288
2015289
2015290
2015291
2015292
2015293
2015294
2015295
2015296
2015297
2015298
2015299
2015300
2015301
2015302
2015303
2015304
2015305
2015306
2015307
2015308
2015309
2015310
2015311
2015312
2015313
2015314
2015316
2015317
2015318
2015319
2015320
2015322
2015323
2015326
2015327
2015328
2015329
2015331
2015332
2015333
2015334
2015335
2015336
2015337
2015338
2015339
2015340
2015344
2015345
2015346
2015347
2015348
2015349
2015350
2015351
2015352
2015353
2015354
2015355
2015356
2015357
2015358
2015359
2015360
2015361
2015362
2015363
2015364
2015365
2015366
2015367
2015368
2015369
2015370
2015371
2015372
2015374
2015375
2015376
2015377
2015378
2015379
2015380
2015381
2015382
2015383
2015385
2015386
2015387
2015388
2015389
2015390
2015391
2015392
2015393
2015394
2015395
2015396
2015397
2015398
2015399
2015400
2015401
2015402
2015403
2015404
2015405
2015406
2015407
2015408
2015409
2015410
2015411
2015412
2015413
2015414
2015415
2015416
2015417
2015418
2015419
2015422
2015423
2015424
2015425
2015426
2015427
2015428
2015429
2015430
2015431
2015432
2015433
2015435
2015436
2015437
2015438
2015439
2015442
2015443
2015444
2015445
2015446
2015447
2015448
2015449
2015450
2015451
2015452
2015453
2015454
2015455
2015456
2015457
2015458
2015459
2015460
2015461
2015463
2015464
2015465
2015466
2015467
2015468
2015469
2015470
2015471
2015472
2015475
2015476
2015477
2015478
2015479
2015480
2015481
2015482
2015483
2015484
2015485
2015486
2015487
2015488
2015489
2015490
2015491
2015492
2015493
2015494
2015495
2015496
2015497
2015498
2015499
2015500
2015501
2015502
2015503
2015504
2015505
2015506
2015507
2015508
2015509
2015510
2015511
2015513
2015514
2015516
2015518
2015519
2015520
2015521
2015522
2015523
2015524
2015525
2015526
2015527
2015528
2015529
2015530
2015531
2015532
2015533
2015534
2015535
2015536
2015537
2015538
2015539
2015540
2015541
2015542
2015543
2015545
2015546
2015547
2015548
2015549
2015550
2015551
2015552
2015554
2015555
2015556
2015557
2015558
2015559
2015560
2015564
2015566
2015567
2015568
2015570
2015571
2015573
2015574
2015575
2015576
2015577
2015578
2015579
2015580
2015581
2015582
2015583
2015584
2015585
2015586
2015587
2015588
2015589
2015590
2015591
2015592
2015593
2015594
2015595
2015597
2015598
2015599
2015600
2015603
2015604
2015605
2015606
2015607
2015608
2015609
2015610
2015611
2015612
2015613
2015614
2015615
2015616
2015617
2015618
2015619
2015621
2015624
2015626
2015628
2015629
2015630
2015631
2015632
2015633
2015634
2015635
2015636
2015637
2015638
2015639
2015640
2015641
2015642
2015643
2015644
2015645
2015646
2015647
2015648
2015649
2015650
2015651
2015652
2015653
2015654
2015655
2015657
2015658
2015659
2015660
2015661
2015662
2015663
2015665
2015666
2015667
2015668
2015669
2015670
2015671
2015672
2015673
2015674
2015675
2015676
2015677
2015678
2015679
2015680
2015681
2015682
2015683
2015684
2015685
2015686
2015687
2015688
2015689
2015691
2015692
2015693
2015695
2015696
2015697
2015698
2015699
2015700
2015701
2015702
2015703
2015704
2015706
2015708
2015709
2015710
2015711
2015712
2015713
2015714
2015715
2015716
2015717
2015718
2015719
2015720
2015721
2015722
2015723
2015724
2015725
2015726
2015727
2015728
2015729
2015730
2015731
2015732
2015733
2015734
2015736
2015737
2015738
2015739
2015740
2015741
2015742
2015743
2015744
2015745
2015746
2015749
2015750
2015751
2015753
2015754
2015755
2015756
2015768
2015769
2015770
2015771
2015772
2015773
2015774
2015775
2015776
2015777
2015778
2015779
2015780
2015781
2015782
2015783
2015784
2015785
2015786
2015787
2015788
2015789
2015790
2015791
2015792
2015793
2015794
2015795
2015796
2015797
2015798
2015799
2015801
2015802
2015803
2015804
2015805
2015806
2015807
2015808
2015809
2015810
2015811
2015812
2015813
2015814
2015815
2015816
2015817
2015818
2015819
2015820
2015821
2015822
2015823
2015824
2015825
2015826
2015827
2015828
2015829
2015830
2015831
2015832
2015834
2015835
2015836
2015837
2015838
2015839
2015840
2015841
2015842
2015843
2015844
2015845
2015846
2015847
2015848
2015849
2015850
2015851
2015852
2015853
2015855
2015856
2015857
2015858
2015860
2015865
2015877
2015878
2015879
2015881
2015882
2015884
2015885
2015886
2015888
2015889
2015890
2015891
2015892
2015893
2015896
2015899
2015900
2015901
2015902
2015903
2015905
2015906
2015907
2015908
2015909
2015910
2015911
2015912
2015913
2015914
2015916
2015917
2015921
2015922
2015923
2015924
2015925
2015926
2015927
2015928
2015929
2015930
2015931
2015934
2015935
2015936
2015937
2015938
2015939
2015940
2015941
2015942
2015943
2015944
2015945
2015946
2015947
2015948
2015949
2015950
2015951
2015952
2015953
2015954
2015955
2015956
2015957
2015958
2015959
2015960
2015961
2015962
2015963
2015964
2015965
2015966
2015968
2015969
2015970
2015971
2015972
2015974
2015975
2015976
2015988
2015990
2015991
2015992
2015993
2015994
2015995
2015996
2015997
2016000
2016001
2016004
2016007
2016008
2016009
2016010
2016011
2016012
2016013
2016014
2016015
2016016
2016017
2016018
2016019
2016020
2016021
2016022
2016023
2016024
2016025
2016026
2016027
2016028
2016029
2016030
2016031
2016032
2016033
2016034
2016035
2016038
2016039
2016043
2016044
2016045
2016047
2016048
2016049
2016050
2016051
2016052
2016053
2016054
2016055
2016056
2016057
2016058
2016059
2016060
2016061
2016062
2016063
2016065
2016066
2016067
2016068
2016069
2016070
2016071
2016072
2016073
2016074
2016075
2016076
2016077
2016078
2016079
2016080
2016081
2016082
2016084
2016087
2016088
2016089
2016090
2016091
2016092
2016094
2016095
2016096
2016097
2016098
2016099
2016100
2016101
2016102
2016103
2016104
2016105
2016114
2016115
2016116
2016117
2016118
2016119
2016120
2016121
2016122
2016125
2016126
2016127
2016128
2016129
2016130
2016131
2016132
2016133
2016134
2016136
2016137
2016138
2016139
2016140
2016141
2016142
2016143
2016144
2016145
2016146
2016147
2016148
2016149
2016150
2016151
2016152
2016153
2016155
2016158
2016159
2016160
2016161
2016162
2016163
2016164
2016165
2016166
2016167
2016168
2016169
2016170
2016171
2016173
2016174
2016175
2016176
2016177
2016178
2016179
2016182
2016183
2016184
2016185
2016186
2016187
2016188
2016189
2016190
2016191
2016192
2016194
2016195
2016196
2016197
2016198
2016199
2016200
2016201
2016204
2016205
2016206
2016207
2016208
2016209
2016210
2016211
2016212
2016213
2016214
2016215
2016217
2016218
2016219
2016220
2016221
2016222
2016223
2016224
2016225
2016226
2016227
2016228
2016230
2016232
2016233
2016234
2016235
2016236
2016237
2016238
2016239
2016240
2016241
2016243
2016245
2016246
2016247
2016248
2016249
2016250
2016251
2016252
2016253
2016254
2016255
2016256
2016257
2016258
2016259
2016260
2016261
2016262
2016263
2016264
2016265
2016266
2016267
2016268
2016269
2016270
2016271
2016272
2016273
2016274
2016275
2016276
2016278
2016279
2016280
2016281
2016283
2016284
2016285
2016286
2016287
2016288
2016289
2016290
2016292
2016293
2016295
2016296
2016301
2016303
2016307
2016313
2016316
2016319
2016320
2016322
2016323
2016324
2016325
2016329
2016330
2016333
2016334
2016341
2016342
2016343
2016344
2016345
2016347
2016348
2016349
2016350
2016351
2016352
2016353
2016354
2016357
2016358
2016359
2016360
2016361
2016362
2016363
2016364
2016365
2016366
2016367
2016368
2016369
2016370
2016371
2016372
2016373
2016374
2016375
2016376
2016377
2016378
2016379
2016380
2016381
2016382
2016383
2016384
2016385
2016386
2016387
2016388
2016389
2016390
2016391
2016392
2016393
2016394
2016395
2016396
2016397
2016398
2016399
2016401
2016402
2016404
2016405
2016406
2016407
2016408
2016409
2016410
2016412
2016413
2016414
2016415
2016422
2016429
2016432
2016433
2016434
2016435
2016436
2016437
2016438
2016440
2016441
2016444
2016445
2016446
2016447
2016448
2016450
2016451
2016452
2016453
2016454
2016455
2016456
2016457
2016458
2016459
2016460
2016461
2016462
2016463
2016464
2016465
2016466
2016467
2016468
2016469
2016475
2016477
2016478
2016479
2016480
2016481
2016483
2016484
2016485
2016486
2016488
2016489
2016490
2016491
2016492
2016493
2016494
2016496
2016497
2016498
2016499
2016501
2016502
2016503
2016504
2016505
2016506
2016510
2016512
2016514
2016515
2016516
2016517
2016518
2016519
2016520
2016521
2016522
2016523
2016524
2016525
2016526
2016527
2016530
2016531
2016532
2016533
2016534
2016535
2016536
2016537
2016538
2016539
2016547
2016550
2016551
2016552
2016553
2016554
2016555
2016556
2016557
2016558
2016559
2016563
2016564
2016565
2016566
2016567
2016568
2016569
2016570
2016571
2016572
2016575
2016576
2016578
2016587
2016589
2016590
2016591
2016592
2016593
2016594
2016595
2016596
2016597
2016598
2016599
2016600
2016601
2016602
2016603
2016604
2016605
2016608
2016609
2016610
2016611
2016612
2016613
2016614
2016615
2016616
2016617
2016618
2016619
2016620
2016624
2016627
2016628
2016629
2016630
2016631
2016632
2016634
2016635
2016636
2016637
2016638
2016639
2016640
2016641
2016642
2016643
2016644
2016645
2016646
2016647
2016648
2016650
2016651
2016652
2016653
2016654
2016655
2016656
2016657
2016659
2016660
2016661
2016663
2016664
2016666
2016667
2016668
2016669
2016672
2016678
2016679
2016682
2016687
2016688
2016691
2016692
2016694
2016695
2016697
2016698
2016700
2016701
2016702
2016703
2016707
2016708
2016709
2016710
2016711
2016712
2016713
2016714
2016715
2016716
2016720
2016722
2016725
2016726
2016727
2016729
2016733
2016734
2016735
2016736
2016737
2016738
2016739
2016740
2016751
2016752
202201
202203
202208
202226
202243
202258
202261
202290
202294
205566
2120016
2120025
2120031
2120046
2120071
2120089
2120119
2120122
ds00006
ds00013
ds00163
DS00206
DS00247
DS00251
DS00260
DS00266
DS00322
DS00391
DS00417
DS00460
DS00464
DS00482
DS00486
DS00487
DS00488
DS00489
DS00490
DS00492
DS00493
DS00494
qx00221
ZY00041
ZY00042
ZY00043
ZY00070
ZY00078
ZY00081
ZY00100
ZY00155
ZY00361
ZY00362
ZY00537
ZY00539
ZY00585
ZY00747
ZY00751
ZY00817
ZY00819
ZY00820
ZY00832
ZY01001
ZY01063
ZY01082
ZY01092
ZY01101
ZY01125
ZY01136
ZY01137
ZY01166
ZY01198
ZY01227
ZY01232
ZY01248
ZY01260
ZY01261
ZY01267
ZY01276
ZY01321
ZY01330
ZY01335
ZY01342
ZY01344
ZY01345
ZY01386
ZY01475
ZY01500
ZY01536
ZY01540
ZY01584
ZY01609
ZY01611
ZY01614
ZY01659
ZY01660
ZY01681
ZY01685
ZY01706
ZY01709
ZY01710
ZY01715
ZY01716
ZY01759
ZY01769
ZY01776
ZY01779
ZY01780
ZY01781
ZY01787
ZY01800
ZY01802
ZY01803
ZY01805
ZY01807
ZY01809
ZY01811
ZY01814
ZY01816
ZY01817
ZY01819
ZY01820
ZY01821
ZY01822
ZY01823
ZY01824
ZY01829
ZY01830
ZY01832
ZY01836
ZY01846
ZY01848
ZY01853
ZY01855
ZY01900
ZY01905
ZY01907
ZY01909
ZY01910
ZY01911
ZY01913
ZY01914
ZY01916
ZY01917
ZY01944
ZY01972
ZY02018
ZY02020
ZY02021
ZY02023
ZY02025
ZY02026
ZY02038
ZY02066
ZY02068
ZY02070
ZY02074
ZY02075
ZY02081
ZY02157
ZY02161
ZY02162
ZY02164
ZY02178
ZY02198
ZY02200
ZY02201
ZY02203
ZY02213
ZY02216
ZY02234
ZY02237
ZY02244
ZY02247
ZY02286
ZY02287
ZY02291
ZY02310
ZY02311
ZY02315
ZY02316
ZY02325
ZY02326
ZY02328
ZY02331
ZY02334
ZY02341
ZY02343
ZY02350
ZY02359
ZY02378
ZY02379
ZY02399
ZY02436
ZY02437
ZY02438
ZY02474
ZY02475
ZY02484
ZY02490
ZY02491
ZY02494
ZY02496
ZY02507
ZY02516
ZY02550
ZY02552
ZY02560
ZY02583
ZY02586
ZY02603
ZY02629
ZY02632
ZY02636
ZY02660
ZY02662
ZY02667
ZY02668
ZY02671
ZY02708
ZY02712
ZY02725
ZY02729
ZY02773
ZY02774
ZY02777
ZY02820
ZY02832
ZY02834
ZY02901
ZY02904
ZY02945
ZY02946
ZY02947
ZY02948
ZY03126
ZY03128
ZY13134
ZY13184
ZY13185
ZY13201
ZY13238
ZY13284
ZY13316
ZY13317
ZY13318
ZY13356
ZY13386
ZY13418
ZY13457
ZY13586
ZY13688
ZY13702
ZY13740
ZY13871
ZY13873
ZY13879
ZY13914
ZY13922
ZY13927
ZY13931
ZY13932
ZY13935
ZY13938
ZY13940
ZY13941
ZY13944
ZY13947
ZY13949
ZY13952
ZY13953
ZY13955
ZY14004
ZY14008
ZY14009
ZY14011
ZY14012
ZY14022
ZY14029
ZY14031
ZY14034
ZY14040
ZY14041
ZY14042
ZY14046
ZY14050
ZY14052
ZY14053
ZY14054
ZY14056
ZY14061
ZY14063
ZY14070
ZY14074
ZY14076
ZY14078
ZY14097
ZY14098
ZY14101
ZY14127
ZY14128
ZY14152
ZY14169
ZY14231
ZY14238
ZY14244
ZY14248
ZY14249
ZY14259
ZY14270
ZY14274
ZY14335
ZY14375
ZY14377
ZY14379
ZY14386
ZY14392
ZY14393
ZY14394
ZY14395
ZY14417
ZY14419
ZY14422
ZY14424
ZY14455
ZY14468
ZY14540
ZY14544
ZY14545
ZY14549
ZY14552
ZY14572
ZY14577
ZY14586
ZY14595
ZY14642
ZY14658
ZY14666
ZY14672
ZY14689
ZY14723
ZY14735
ZY14754
ZY14755
ZY14759
ZY14773
ZY14789
ZY14799
ZY14927
ZY14928
ZY14931
ZY14933
ZY14934
ZY14944
ZY14945
ZY14949
ZY14962
ZY14976
ZY14993
ZY15013
ZY15014
ZY15015
ZY15105
ZY15106
ZY15109
ZY15110
ZY15111
ZY15112
ZY15116
ZY15117
ZY15120
ZY15159
ZY15162
ZY15176
ZY15182
ZY15186
ZY15189
ZY15235
ZY15243
ZY15244
ZY15257
ZY15268
ZY15275
ZY15276
ZY15277
ZY15278
ZY15285
ZY15308
ZY15309
ZY15310
ZY15312
ZY15313
ZY15314
ZY15336
ZY15337
ZY15441
ZY15447
ZY15457
ZY15458
ZY15461
ZY15466
ZY15467
ZY15469
ZY15480
ZY15492
ZY15505
ZY15506
ZY15507
ZY15529
ZY15554
ZY15582
ZY15589
ZY15601
ZY15621
ZY15643
ZY15644
ZY15653
ZY15654
ZY15667
ZY15668
ZY15674
ZY15686
ZY15704
ZY15708
ZY15734
ZY15735
ZY15739
ZY15740
ZY15760
ZY15762
ZY15776
ZY15789
ZY15796
ZY15803
ZY15809
ZY15821
ZY15857
ZY15863
ZY15876
ZY15877
ZY15879
ZY15885
ZY15890
ZY15891
ZY15892
ZY15893
ZY15898
ZY15905
ZY15906
ZY15908
ZY15918
ZY15921
ZY15922
ZY15926
ZY15933
ZY15934
ZY15935
ZY15936
ZY15940
ZY15941
ZY15946
ZY15948
ZY15952
ZY15953
ZY15962
ZY15963
ZY15964
ZY15967
ZY15968
ZY15969
ZY15970
ZY15976
ZY15977
ZY15978
ZY15980
ZY15982
ZY15983
ZY15986
ZY15987
ZY15989
ZY15998
ZY16000
ZY16004
ZY16005
ZY16006
ZY16007
ZY16008
ZY16009
ZY16014
ZY16015
ZY16016
ZY16017
ZY16019
ZY16023
ZY16030
ZY16033
ZY16034
ZY16039
ZY16040
ZY16043
ZY16044
ZY16051
ZY16057
ZY16059
ZY16060
ZY16064
ZY16065
ZY16066
ZY16069
ZY16073
ZY16075
ZY16076
ZY16079
ZY16080
ZY16081
ZY16085
ZY16090
ZY16093
ZY16096
ZY16097
ZY16101
ZY16102
ZY16103
ZY16104
ZY16107
ZY16109
ZY16111
ZY16118
ZY16119
ZY16120
ZY16122
ZY16123
ZY16124
ZY16125
ZY16126
ZY16127
ZY16132
ZY16133
ZY16136
ZY16137
ZY16138
ZY16140
ZY16142
ZY16144
ZY16149
ZY16152
ZY16153
ZY16155
ZY16156
ZY16157
ZY16160
ZY16161
ZY16162
ZY16163
ZY16164
ZY16165
ZY16167
ZY16169
ZY16170
ZY16173
ZY16176
ZY16178
ZY16180
ZY16181
ZY16182
ZY16183
ZY16190
ZY16193
ZY16195
ZY16197
ZY16198
ZY16201
ZY16202
ZY16203
ZY16209
ZY16210
ZY16211
ZY16212
ZY16214
ZY16216
ZY16218
ZY16219
ZY16220
ZY16221
ZY16225
ZY16227
ZY16230
ZY16232
ZY16233
ZY16235
ZY16236
ZY16240
ZY16241
ZY16242
ZY16244
ZY16246
ZY16248
ZY16249
ZY16250
ZY16252
ZY16255
ZY16256
ZY16257
ZY16258
ZY16260
ZY16263
ZY16275
ZY16278
ZY16281
ZY16283
ZY16284
ZY16285
ZY16286
ZY16287
ZY16288
ZY16290
ZY16291
ZY16293
ZY16295
ZY16302
ZY16305
ZY16306
ZY16307
ZY16311
ZY16317
ZY16318
ZY16321
ZY16322
ZY16324
ZY16326
ZY16328
ZY16329
ZY16331
ZY16332
ZY16334
ZY16336
ZY16338
ZY16341
ZY16343
ZY16345
ZY16359
ZY16371
ZY16373
ZY16374
ZY16375
ZY16376
ZY16377
ZY16380
ZY16382
ZY16383
ZY16392
ZY16400
ZY16406
ZY16418
ZY16420
ZY16424
ZY16426
ZY16428
ZY16429
ZY16430
ZY16431
ZY16432
ZY16435
ZY16438
ZY16461
ZY16462
ZY16463
ZY16464
ZY16469
ZY16470
ZY16477
ZY16478
ZY16479
ZY16480
ZY16481
ZY16483
ZY16489
ZY16499
ZY16502
ZY16503
ZY16504
ZY16508
ZY16511
ZY16513
ZY16516
ZY16518
ZY16519
ZY16520
ZY16521
ZY16523
ZY16524
ZY16525
ZY16526
ZY16530
ZY16531
ZY16532
ZY16533
ZY16534
ZY16535
ZY16536
ZY16537
ZY16541
ZY16542
ZY16544
ZY16545
ZY16546
ZY16547
ZY16549
ZY16550
ZY16552
ZY16553
ZY16554
ZY16555
ZY16559
ZY16560
ZY16562
ZY16563
ZY16564
ZY16565
ZY16566
ZY16568
ZY16570
ZY16571
ZY16582
ZY16595
ZY16598
ZY16601
ZY16602
ZY16604
ZY16605
ZY16606
ZY16607
ZY16609
ZY16610
ZY16612
ZY16613
ZY16618
ZY16619
ZY16621
ZY16625
ZY16627
ZY16629
ZY16630
ZY16632
ZY16633
ZY16634
ZY16635
ZY16636
ZY16637
ZY16638
ZY16641
ZY16642
ZY16643
ZY16644
ZY16645
ZY16646
ZY16647
ZY16648
ZY16649
ZY16650
ZY16651
ZY16653
ZY16654
ZY16655
ZY16657
ZY16658
ZY16659
ZY16660
ZY16661
ZY16662
ZY16663
ZY16664
ZY16665
ZY16667
ZY16670
ZY16671
ZY16672
ZY16673
ZY16675
ZY16676
ZY16677
ZY16678
ZY16679
ZY16682
ZY16683
ZY16692
ZY16694
ZY16695
ZY16696
ZY16697
ZY16698
ZY16699
ZY16700
ZY16701
ZY16702
ZY16703
ZY16704
ZY16705
ZY16707
ZY16708
ZY16709
ZY16710
ZY16711
ZY16712
ZY16713
ZY16714
ZY16716
ZY16719
ZY16720
ZY16721
ZY16722
ZY16723
ZY16726
ZY16728
ZY16729
ZY16730
ZY16731
ZY16734
ZY16735
ZY16736
ZY16737
ZY16739
ZY16741
ZY16742
ZY16746
ZY16747
ZY16749
ZY16750
ZY16751
ZY16752
ZY16754
ZY16755
ZY16756
ZY16757
ZY16763
ZY16765
ZY16767
ZY16768
ZY16770
ZY16772
ZY16773
ZY16774
ZY16776
ZY16777
ZY16778
ZY16779
ZY16780
ZY16800
ZY16801
ZY16802
ZY16803
ZY16805
ZY16806
ZY16807
ZY16808
ZY16809
ZY16813
ZY16814
ZY16815
ZY16816
ZY16817
ZY16818
ZY16819
ZY16820
ZY16821
ZY16828
ZY16835
ZY16839
ZY16855
ZY16856
ZY16857
ZY16858
ZY16859
ZY16860
ZY16861
ZY16862
ZY16863
ZY16864
ZY16865
ZY16866
ZY16867
ZY16868
ZY16869
ZY16870
ZY16871
ZY16872
ZY16873
ZY16874
ZY16875
ZY16876
ZY16877
ZY16878
ZY16879
ZY16880
ZY16881
ZY16882
ZY16883
ZY16884
ZY16885
ZY16886
ZY16887
ZY16888
ZY16889
ZY16890
ZY16891
ZY16892
ZY16893
ZY16894
ZY16895
ZY16896
ZY16897
ZY16898
ZY16899
ZY16900
ZY16901
ZY16902
ZY16903
ZY16904
ZY16905
ZY16906
ZY16907
ZY16908
ZY16909
ZY16910
ZY16911
ZY16912
ZY16913
ZY16914
ZY16915
ZY16916
ZY16917
ZY16918
ZY16919
ZY16920
ZY16921
ZY16922
ZY16923
ZY16924
ZY16925
ZY16926
ZY16927
ZY16928
ZY16929
ZY16930
ZY16931
ZY16932
ZY16933
ZY16934
ZY16935
ZY16936
ZY16937
ZY16938
ZY16939
ZY16940
ZY16941
ZY16942
ZY16943
ZY16944
ZY16945
ZY16946
ZY16947
ZY16948
ZY16949
ZY16950
ZY16951
ZY16952
ZY16953
ZY16954
ZY16955
ZY16956
ZY16957
ZY16958
ZY16959
ZY16960
ZY16961
ZY16962
ZY16963
ZY16964
ZY16965
ZY16966
ZY16967
ZY16968
ZY16969
ZY16970
ZY16971
ZY16972
ZY16973
ZY16974
ZY16975
ZY16976
ZY16977
ZY16978
ZY16979
ZY16980
ZY16981
ZY16982
ZY16983
ZY16984
ZY16985
ZY16986
ZY16987
ZY16988
ZY16989
ZY16991
ZY16992
ZY16993
ZY16995
ZY16996
ZY16997
ZY16998
ZY17000
ZY17001
ZY17003
ZY17004
ZY17005
ZY17006
ZY17007
ZY17008
ZY17009
ZY17010
ZY17011
ZY17012
ZY17013
ZY17014
ZY17015
ZY17016
ZY17017
ZY17018
ZY17019
ZY17020
ZY17021
ZY17022
ZY17023
ZY17024
ZY17025
ZY17026
ZY17027
ZY17028
ZY17029
ZY17030
ZY17031
ZY17032
ZY17033
ZY17034
ZY17035
ZY17036
ZY17037
ZY17038
ZY17039
ZY17040
ZY17041
ZY17042
ZY17043
ZY17044
ZY17045
ZY17046
ZY17047
ZY17048
ZY17049
ZY17050
ZY17051
ZY17052
ZY17053
ZY17054
ZY17055
ZY17056
ZY17057
ZY17058
ZY17059
ZY17060
ZY17061
ZY17062
ZY17063
ZY17064
ZY17065
ZY17066
ZY17067
ZY17068
ZY17069
ZY17070
ZY17071
ZY17072
ZY17073
ZY17074
ZY17075
ZY17076
ZY17077
ZY17078
ZY17079
ZY17080
ZY17081
ZY17082
ZY17083
ZY17084
ZY17085
ZY17086
ZY17087
ZY17088
ZY17089
ZY17090
ZY17091
ZY17092
ZY17093
ZY17094
ZY17095
ZY17096
ZY17097
ZY17098
ZY17099
ZY17100
ZY17101
ZY17102
ZY17103
ZY17104
ZY17105
ZY17106
ZY17107
ZY17108
ZY17109
ZY17110
ZY17111
ZY17112
ZY17113
ZY17114
ZY17115
ZY17116
ZY17117
ZY17118
ZY17119
ZY17120
ZY17121
ZY17122
ZY17123
ZY17124
ZY17125
ZY17126
ZY17127
ZY17128
ZY17129
ZY17130
ZY17131
ZY17132
ZY17133
ZY17134
ZY17135
ZY17136
ZY17137
ZY17138
ZY17139
ZY17140
ZY17141
ZY17142
ZY17143
ZY17144
ZY17145
ZY17146
ZY17147
ZY17148
ZY17149
ZY17150
ZY17151
ZY17152
ZY17153
ZY17154
ZY17155
ZY17156
ZY17157
ZY17158
ZY17159
ZY17160
ZY17161
ZY17162
ZY17163
ZY17164
ZY17165
ZY17166
ZY17167
ZY17168
ZY17169
ZY17170
ZY17171
ZY17172
ZY17173
ZY17174
ZY17175
ZY17176
ZY17177
ZY17178
ZY17179
ZY17180
ZY17181
ZY17182
ZY17183
ZY17184
ZY17185
ZY17186
ZY17187
ZY17188
ZY17189
ZY17190
ZY17192
ZY17193
ZY17194
ZY17195
ZY17196
ZY17197
ZY17198
ZY17199
ZY17200
ZY17201
ZY17202
ZY17203
ZY17204
ZY17205
ZY17206
ZY17207
ZY17208
ZY17209
ZY17210
ZY17211
ZY17212
ZY17213
ZY17214
ZY17215
ZY17216
ZY17217
ZY17218
ZY17219
ZY17220
ZY17221
ZY17222
ZY17223
ZY17224
ZY17225
ZY17226
ZY17227
ZY17228
ZY17229
ZY17230
ZY17231
ZY17232
ZY17233
ZY17234
ZY17235
ZY17236
ZY17237
ZY17239
ZY17240
ZY17241
ZY17242
ZY17243
ZY17244
ZY17245
ZY17246
ZY17247
ZY17248
ZY17249
ZY17250
ZY17251
ZY17252
ZY17253
ZY17254
ZY17255
ZY17256
ZY17257
ZY17258
ZY17259
ZY17260
ZY17261
ZY17262
ZY17263
ZY17264
ZY17265
ZY17266
ZY17267
ZY17268
ZY17269
ZY17270
ZY17271
ZY17272
ZY17273
ZY17274
ZY17275
ZY17276
ZY17277
ZY17278
ZY17279
ZY17280
ZY17281
ZY17282
ZY17283
ZY17284
ZY17285
ZY17286
ZY17287
ZY17288
ZY17289
ZY17290
ZY17291
ZY17292
ZY17293
ZY17294
ZY17295
ZY17296
ZY17297
ZY17298
ZY17299
ZY17300
ZY17301
ZY17302
ZY17303
ZY17304
ZY17305
ZY17306
ZY17307
ZY17308
ZY17309
ZY17310
ZY17311
ZY17323
ZY17324
ZY17325
ZY17326
ZY17327
ZY17328
ZY17329
ZY17330
ZY17331
ZY17332
ZY17333
ZY17334
ZY17336
ZY17341
ZY17343
ZY17344
ZY17345
ZY17346
ZY17347
ZY17351
ZY17352
ZY17353
ZY17354
ZY17355
ZY17356
ZY17357
ZY17358
ZY17359
ZY17360
ZY17361
ZY17362
ZY17363
ZY17364
ZY17365
ZY17366
ZY17367
ZY17368
ZY17369
ZY17370
ZY17371
ZY17372
ZY17373
ZY17374
ZY17375
ZY17376
ZY17377
ZY17378
ZY17379
ZY17380
ZY17382
ZY17383
ZY17384
ZY17385
ZY17386
ZY17387
ZY17388
ZY17389
ZY17390
ZY17392
ZY17393
ZY17394
ZY17395
ZY17396
ZY17397
ZY17398
ZY17399
ZY17400
ZY17401
ZY17402
ZY17403
ZY17404
ZY17405
ZY17406
ZY17407
ZY17408
ZY17409
ZY17410
ZY17411
ZY17412
ZY17413
ZY17414
ZY17415
ZY17416
ZY17417
ZY17418
ZY17419
ZY17420
ZY17421
ZY17422
ZY17423
ZY17424
ZY17425
ZY17426
ZY17427
ZY17428
ZY17429
ZY17430
ZY17431
ZY17432
ZY17433
ZY17434
ZY17435
ZY17436
ZY17437
ZY17438
ZY17439
ZY17440
ZY17441
ZY17442
ZY17443
ZY17444
ZY17445
ZY17446
ZY17447
ZY17448
ZY17449
ZY17450
ZY17451
ZY17452
ZY17453
ZY17454
ZY17455
ZY17456
ZY17457
ZY17458
ZY17459
ZY17460
ZY17461
ZY17462
ZY17463
ZY17464
ZY17465
ZY17466
ZY17467
ZY17468
ZY17469
ZY17470
ZY17471
ZY17472
ZY17473
ZY17474
ZY17475
ZY17476
ZY17477
ZY17478
ZY17479
ZY17480
ZY17481
ZY17482
ZY17483
ZY17484
ZY17485
ZY17486
ZY17487
ZY17488
ZY17489
ZY17490
ZY17491
ZY17492
ZY17493
ZY17494
ZY17495
ZY17496
ZY17497
ZY17498
ZY17499
ZY17500
ZY17501
ZY17502
ZY17503
ZY17504
ZY17505
ZY17506
ZY17507
ZY17508
ZY17509
ZY17510
ZY17511
ZY17512
ZY17513
ZY17514
ZY17515
ZY17516
ZY17517
ZY17518
ZY17519
ZY17520
ZY17521
ZY17522
ZY17523
ZY17524
ZY17525
ZY17526
ZY17527
ZY17528
ZY17529
ZY17530
ZY17531
ZY17532
ZY17533
ZY17534
ZY17535
ZY17536
ZY17537
ZY17538
ZY17539
ZY17540
ZY17541
ZY17542
ZY17543
ZY17544
ZY17545
ZY17546
ZY17547
ZY17548
ZY17549
ZY17550
ZY17551
ZY17552
ZY17553
ZY17554
ZY17555
ZY17556
ZY17557
ZY17558
ZY17559
ZY17560
ZY17561
ZY17562
ZY17563
ZY17564
ZY17565
ZY17566
ZY17567
ZY17568
ZY17569
ZY17570
ZY17571
ZY17572
ZY17573
ZY17574
ZY17575
ZY17576
ZY17577
ZY17578
ZY17579
ZY17580
ZY17581
ZY17582
ZY17583
ZY17584
ZY17585
ZY17586
ZY17587
ZY17588
ZY17589
ZY17590
ZY17591
ZY17592
ZY17593
ZY17594
ZY17595
ZY17596
ZY17597
ZY17598
ZY17599
ZY17600
ZY17601
ZY17602
ZY17603
ZY17604
ZY17605
ZY17606
ZY17607
ZY17608
ZY17609
ZY17610
ZY17611
ZY17612
ZY17613
ZY17614
ZY17615
ZY17616
ZY17617
ZY17618
ZY17619
ZY17621
ZY17622
ZY17623
ZY17624
ZY17625
ZY17626
ZY17628
ZY17629
ZY17630
ZY17632
ZY17633
ZY17634
ZY17635
ZY17636
ZY17637
ZY17638
ZY17639
ZY17640
ZY17641
ZY17642
ZY17643
ZY17644
ZY17645
ZY17646
ZY17647
ZY17648
ZY17649
ZY17650
ZY17651
ZY17652
ZY17653
ZY17654
ZY17655
ZY17656
ZY17657
ZY17658
ZY17659
ZY17660
ZY17661
ZY17662
ZY17663
ZY17664
ZY17665
ZY17666
ZY17667
ZY17668
ZY17669
ZY17670
ZY17671
ZY17672
ZY17673
ZY17674
ZY17675
ZY17676
ZY17677
ZY17678
ZY17679
ZY17680
ZY17681
ZY17682
ZY17683
ZY17684
ZY17685
ZY17686
ZY17687
ZY17688
ZY17689
ZY17690
ZY17691
ZY17692
ZY17693
ZY17694
ZY17695
ZY17696
ZY17697
ZY17698
ZY17699
ZY17700
ZY17701
ZY17702
ZY17703
ZY17704
ZY17705
ZY17706
ZY17707
ZY17708
ZY17709
ZY17710
ZY17711
ZY17712
ZY17713
ZY17714
ZY17715
ZY17716
ZY17717
ZY17718
ZY17719
ZY17720
ZY17721
ZY17722
ZY17723
ZY17724
ZY17725
ZY17726
ZY17727
ZY17728
ZY17729
ZY17730
ZY17731
ZY17732
ZY17733
ZY17734
ZY17735
ZY17736
ZY17737
ZY17738
ZY17739
ZY17740
ZY17741
ZY17742
ZY17743
ZY17744
ZY17745
ZY17746
ZY17747
ZY17748
ZY17749
ZY17750
ZY17751
ZY17752
ZY17753
ZY17754
ZY17755
ZY17756
ZY17757
ZY17758
ZY17759
ZY17760
ZY17761
ZY17762
ZY17763
ZY17764
ZY17765
ZY17766
ZY17767
ZY17768
ZY17769
ZY17770
ZY17771
ZY17772
ZY17773
ZY17774
ZY17775
ZY17776
ZY17777
ZY17778
ZY17779
ZY17780
ZY17781
ZY17782
ZY17783
ZY17784
ZY17785
ZY17786
ZY17787
ZY17788
ZY17789
ZY17790
ZY17791
ZY17792
ZY17793
ZY17794
ZY17795
ZY17796
ZY17797
ZY17798
ZY17799
ZY17800
ZY17801
ZY17802
ZY17803
ZY17804
ZY17805
ZY17806
ZY17807
ZY17808
ZY17809
ZY17810
ZY17811
ZY17812
ZY17813
ZY17814
ZY17815
ZY17816
ZY17817
ZY17818
ZY17819
ZY17820
ZY17821
ZY17822
ZY17823
ZY17824
ZY17825
ZY17826
ZY17827
ZY17828
ZY17829
ZY17830
ZY17831
ZY17832
ZY17833
ZY17834
ZY17835
ZY17836
ZY17837
ZY17838
ZY17839
ZY17840
ZY17841
ZY17842
ZY17843
ZY17844
ZY17845
ZY17846
ZY17847
ZY17848
ZY17849
ZY17850
ZY17851
ZY17852
ZY17853
ZY17854
ZY17855
ZY17856
ZY17857
ZY17858
ZY17859
ZY17860
ZY17861
ZY17862
ZY17863
ZY17864
ZY17865
ZY17866
ZY17867
ZY17868
ZY17869
ZY17870
ZY17871
ZY17872
ZY17873
ZY17874
ZY17875
ZY17876
ZY17877
ZY17878
ZY17879
ZY17880
ZY17881
ZY17882
ZY17883
ZY17884
ZY17885
ZY17886
ZY17887
ZY17888
ZY17889
ZY17890
ZY17891
ZY17892
ZY17893
ZY17894
ZY17895
ZY17896
ZY17897
ZY17898
ZY17899
ZY17900
ZY17901
ZY17903
ZY17906
ZY17908
ZY17909
ZY17910
ZY17911
ZY17912
ZY17913
ZY17914
ZY17915
ZY17916
ZY17917
ZY17918
ZY17919
ZY17920
ZY17921
ZY17922
ZY17923
ZY17924
ZY17925
ZY17926
ZY17927
ZY17928
ZY17929
ZY17930
ZY17931
ZY17932
ZY17933
ZY17934
ZY17935
ZY17936
ZY17937
ZY17938
ZY17939
ZY17940
ZY17941
ZY17942
ZY17943
ZY17944
ZY17945
ZY17946
ZY17947
ZY17948
ZY17949
ZY17950
ZY17951
ZY17952
ZY17953
ZY17954
ZY17955
ZY17956
ZY17957
ZY17958
ZY17959
ZY17960
ZY17961
ZY17962
ZY17963
ZY17964
ZY17965
ZY17966
ZY17967
ZY17968
ZY17969
ZY17970
ZY17971
ZY17972
ZY17973
ZY17974
ZY17975
ZY17976
ZY17977
ZY17978
ZY17979
ZY17980
ZY17981
ZY17982
ZY17983
ZY17984
ZY17985
ZY17986
ZY17987
ZY17988
ZY17989
ZY17990
ZY17991
ZY17992
ZY17993
ZY17994
ZY17995
ZY17996
ZY17997
ZY17998
ZY17999
ZY18000
ZY18001
ZY18002
ZY18003
ZY18004
ZY18005
ZY18006
ZY18007
ZY18008
ZY18009
ZY18010
ZY18011
ZY18012
ZY18013
ZY18014
ZY18015
ZY18016
ZY18017
ZY18018
ZY18019
ZY18020
ZY18021
ZY18022
ZY18023
ZY18024
ZY18025
ZY18026
ZY18027
ZY18028
ZY18029
ZY18030
ZY18031
ZY18032
ZY18033
ZY18034
ZY18035
ZY18036
ZY18037
ZY18039
ZY18040
ZY18041
ZY18042
ZY18043
ZY18044
ZY18045
ZY18046
ZY18047
ZY18048
ZY18049
ZY18050
ZY18051
ZY18052
ZY18053
ZY18054
ZY18055
ZY18056
ZY18057
ZY18058
ZY18059
ZY18060
ZY18061
ZY18062
ZY18063
ZY18064
ZY18065
ZY18066
ZY18067
ZY18068
ZY18069
ZY18070
ZY18071
ZY18072
ZY18073
ZY18074
ZY18075
ZY18077
ZY18078
ZY18079
ZY18080
ZY18081
ZY18082
ZY18083
ZY18084
ZY18085
ZY18086
ZY18087
ZY18088
ZY18089
ZY18090
ZY18091
ZY18092
ZY18093
ZY18094
ZY18095
ZY18096
ZY18097
ZY18098
ZY18099
ZY18100
ZY18101
ZY18102
ZY18103
ZY18104
ZY18105
ZY18106
ZY18107
ZY18108
ZY18109
ZY18110
ZY18111
ZY18112
ZY18113
ZY18114
ZY18115
ZY18116
ZY18117
ZY18118
ZY18119
ZY18120
ZY18121
ZY18122
ZY18123
ZY18124
ZY18125
ZY18126
ZY18127
ZY18128
ZY18129
ZY18130
ZY18131
ZY18132
ZY18133
ZY18134
ZY18135
ZY18136
ZY18137
